          start
           prog
           body
       declpart
       decllist
       declstat
           type
       procpart
       proclist
           proc
       prochead
       procname
      null-list
      fparmlist
       calltype
       execpart
       exechead
       statlist
           stat
      inputstat
     outputstat
       callstat
       callname
      aparmlist
         ifstat
         ifthen
         ifhead
        forstat
        forcond
        forhead
     assignstat
          astat
          bexpr
        andexpr
        notexpr
        relexpr
          aexpr
           term
        primary
       constant
            END
        PROGRAM
            var
        DECLARE
              ;
              ,
              =
        integer
             ::
        INTEGER
           REAL
              }
      PROCEDURE
              {
          VALUE
      REFERENCE
           MAIN
              [
              ]
              :
          INPUT
         OUTPUT
           CALL
           ELSE
             IF
              (
              )
           THEN
      INCREMENT
             BY
             DO
            FOR
             <-
          UNTIL
             ||
             &&
              !
              <
             <=
              >
             >=
             ==
             !=
              +
              -
              *
              /
           real
    3    2    3   41    1
    2   42   43    2
    3    4    8   16    3
    2    4   16    3
    3   44    5   41    4
    3    5    6   45    5
    2    6   45    5
    3    6   46   43    6
    5    6   46   43   47   48    6
    2    7   43    6
    4    7   43   47   48    6
    3    7   43   48    6
    5    7   43   48   49   48    6
    1   50    7
    1   51    7
    1    9    8
    2    9   10    9
    1   10    9
    4   11    4   18   41   10
    3   11   18   41   10
    2   12   13   11
    3   12   14   52   11
    2   53   43   12
    2   54   52   13
    5   14   46   15    7   43   14
    6   14   46   15    7   43   48   14
    8   14   46   15    7   43   48   49   48   14
    4   54   15    7   43   14
    5   54   15    7   43   48   14
    7   54   15    7   43   48   49   48   14
    1   55   15
    1   56   15
    3   17   18   41   16
    1   57   17
    2   18   19   18
    1   19   18
    2   28   45   19
    2   25   45   19
    2   31   45   19
    2   20   45   19
    2   21   45   19
    2   22   45   19
    3   20   46   43   20
    6   20   46   43   58   37   59   20
    8   20   46   43   58   37   60   37   59   20
    2   61   43   20
    5   61   43   58   37   59   20
    7   61   43   58   37   60   37   59   20
    3   21   46   43   21
    3   21   46   40   21
    6   21   46   43   58   37   59   21
    8   21   46   43   58   37   60   37   59   21
    2   62   43   21
    2   62   40   21
    5   62   43   58   37   59   21
    7   62   43   58   37   60   37   59   21
    2   23   13   22
    3   23   24   52   22
    2   63   43   23
    4   24   46   15   43   24
    3   24   46   40   24
    7   24   46   15   43   58   37   59   24
    9   24   46   15   43   58   37   60   37   59   24
    3   54   15   43   24
    2   54   40   24
    6   54   15   43   58   37   59   24
    8   54   15   43   58   37   60   37   59   24
    3   27   18   41   25
    3   26   18   41   25
    3   27   18   64   26
    5   65   66   33   67   68   27
    7   29   18   69   43   70   37   41   28
    5   30   66   33   67   71   29
    5   72   43   73   37   74   30
    1   32   31
    3   43   73   37   32
    6   43   58   37   59   73   37   32
    8   43   58   37   60   37   59   73   37   32
    3   33   75   34   33
    1   34   33
    3   34   76   35   34
    1   35   34
    2   77   36   35
    1   36   35
    3   37   78   37   36
    3   37   79   37   36
    3   37   80   37   36
    3   37   81   37   36
    3   37   82   37   36
    3   37   83   37   36
    1   37   36
    3   37   84   38   37
    3   37   85   38   37
    2   85   38   37
    1   38   37
    3   38   86   39   38
    3   38   87   39   38
    1   39   38
    3   66   33   67   39
    1   40   39
    1   43   39
    4   43   58   37   59   39
    6   43   58   37   60   37   59   39
    1   48   40
    1   88   40
0000000000000000000000000000000000000000000000000000000000000000000000000000000000000000
0013000000000000000000000000000000000000000300000000000000000000000000000000000000000000
0000000000000000000000000000000000000000100000000000000000000000000000000000000000000000
0000000133330001343333303333333300000000003000000000300030003330300000030000000000000000
0000043000000000000000000000000000000000100000000330000000000000000000000000000000000000
0000000000000000000000000000000000000000000011000000000000000000000000000000000000000000
0000000000000000000000000000000000000000001000000000000000000000000000000000000000000000
0000000000000001300000000000000000000000000000000000000030000000000000000000000000000000
0000000001330002200000000000000000000000000000000000300020000000000000000000000000000000
0000000002220002200000000000000000000000000000000000200020000000000000000000000000000000
0001000000000000043333303333333300000000003300000000000000003330300000030000000000000000
0000000000001400000000000000000000000000000000000000030000000000000000000000000000000000
0002000000000000022222202222222200000000002220000000000000002220200000020000000000000000
0000000000000000000000000000000000000000000001000001000000000000000000000000000000000000
0000001000000000000000000000000000000000001000000330000000000000000000000000000000000000
0000000000000000000000000000000000000000200000000000000000000000000000000000000000000000
0000000000000000043333303333333300000000003000000000000000003330300000030000000000000000
0000000000000000001333303333333300000000103000000000000000003331300010030000000000000000
0000000000000000002222202222222200000000202000000000000000002222200020020000000000000000
0000000000000000000000000000000000000000000011000000000000000000000000000000000000000000
0000000000000000000000000000000000000000000011000000000000000000000000000000000000000000
0000000000000000000000000000000000000000000010000000000000000000000000000000000000000000
0000000000001000000000040000000000000000000000000000030000000000000000000000000000000000
0000000000000000000000000000000000000000000001000001000000000000000000000000000000000000
0000000000000000000000000000000000000000000010000000000000000000000000000000000000000000
0000000000000000043333303333333300000000003000000000000000003330300000030000000000000000
0000000000000000043333303333333300000000003000000000000000003330300000030000000000000000
0000000000000000000000000000000000000000000010000000000000000000000000000000000000000000
0000000000000000043333303333333300000000003000000000000000003330300000030000000000000000
0000000000000000000000000000000000000000000000000000000000000000010000000000000000000000
0000000000000000000000000000000000000000000010000000000000000000000000000000000000000000
0000000000000000000000000000000000000000000020000000000000000000000000000000000000000000
0000000000000000000000000000000000000000000000000000000000000000001000000010000000000000
0000000000000000000000000000000000000000000000000000000000000000002000000021000000000000
0000000000000000000000000000000000000000000000000000000000000000002000000022000000000000
0000000000000000000000000000000000000000000000000000000000000000002000000022000000000000
0000000000000000000000000000000000000000100020000000000000110000002000000122011111111000
0000000000000000000000000000000000000000200020000000000000220000002000000222022222222110
0000000000000000000000000000000000000000200020000000000000220000002000000222022222222220
0000000000000000000000000000000000000000200022000002000000220000002000000222022222222220
0000000222220002222222202222222200000000202020000000200020002220200000020000000000000000
0000000000000000000000000000000000000000001000000000000000000000000000000000000000000000
0022000000002200000000020000000000000000200222110002020001220000002001001222022222222220
0000433000000000000000000000000000000000000000000330000000000000000000000000000000000000
0000022000000000002222202222222200000000202000000220000000002222200020020000000000000000
0000000000000010000000000000000000000001001000030000003300000000000000000000000000000003
0000000000000000000000000000000000000000000000010000000000000000000000000000000000000000
0000000000000000000000000000000000000000200022001002000000220000002000000222022222222220
0000000000000000000000000000000000000000000000010000000000000000000000000000000000000000
0000000000000000000000000000000000000000002000000000000000000000000000000000000000000000
0000000000000000000000000000000000000000002000000000000000000000000000000000000000000000
0002000000000000022222202222222200000000002220000000000000002220200000020000000000000000
0000000000000000000000000000000000000000001000000000000000000000000000000000000000000000
0000000000000010000000000000000000000001000000030001003300000000000000000000000000000003
0000002000000000000000000000000000000000002000000220000000000000000000000000000000000000
0000002000000000000000000000000000000000002000000220000000000000000000000000000000000000
0000000000000000022222202222222200000000002000000000000000002220200000020000000000000000
0000000000000000000000000000000000004333003000030000000000000000030000000000000000003003
0000000000000000000000000000000000000000200022000002000000220000002000001222022222222220
0000000000000000000000000000000000004333003000030000000000000000030000000000000000003003
0000000000000000000000000000000000000000001000000000000000000000000000000000000000000000
0000000000000000000000000000000000000001001000030000000000000000000000000000000000000003
0000000000000000000000000000000000000000001000000000000000000000000000000000000000000000
0000000000000000022222202222222200000000002000000000000000002220200000020000000000000000
0000000000000000000000000000000000000000000000000000000000000000010000000000000000000000
0000000000000000000000000000000043333333003000030000000000000000030000000000300000003003
0000000000000000000000000000000000000000200020000000000000220000002100100222022222222220
0000000000000000022222202222222200000000002000000000000000002220200000020000000000000000
0000000000000000000000000000000000000000001000000000000000000000000000000000000000000000
0000000000000000000000000000000000004333003000030000000000000000030000000000000000003003
0000000000000000022222202222222200000000002000000000000000002220200000020000000000000000
0000000000000000000000000000000000000000001000000000000000000000000000000000000000000000
0000000000000000000000000000000000004333003000030000000000000000030000000000000000003003
0000000000000000000000000000000000000000000000000000000000000000020000000000000000000000
0000000000000000000000000000000004333333003000030000000000000000030000000000300000003003
0000000000000000000000000000000000133333003000030000000000000000030000000000300000003003
0000000000000000000000000000000000013333003000030000000000000000030000000000000000003003
0000000000000000000000000000000000004333003000030000000000000000030000000000000000003003
0000000000000000000000000000000000004333003000030000000000000000030000000000000000003003
0000000000000000000000000000000000004333003000030000000000000000030000000000000000003003
0000000000000000000000000000000000004333003000030000000000000000030000000000000000003003
0000000000000000000000000000000000004333003000030000000000000000030000000000000000003003
0000000000000000000000000000000000004333003000030000000000000000030000000000000000003003
0000000000000000000000000000000000000433003000030000000000000000030000000000000000000003
0000000000000000000000000000000000000433003000030000000000000000030000000000000000000003
0000000000000000000000000000000000000013003000030000000000000000030000000000000000000003
0000000000000000000000000000000000000013003000030000000000000000030000000000000000000003
0000000000000000000000000000000000000000200022000002000000220000002000000222022222222220
